# Blender v2.93.4 OBJ File: ''
# www.blender.org
mtllib compound_of_5_octahedra.mtl
o Shape_IndexedFaceSet_Shape_IndexedFaceSet.078
v 0.000022 -1.000000 -0.000593
v -1.000000 -0.000022 0.000027
v 0.000027 -0.000593 1.000000
v -0.000027 0.000593 -1.000000
v 1.000000 0.000022 -0.000027
v -0.000022 1.000000 0.000593
v -0.809330 0.308983 -0.499514
v -0.499601 -0.809329 0.308847
v -0.308842 0.499517 0.809382
v 0.308842 -0.499517 -0.809382
v 0.809330 -0.308983 0.499514
v 0.499601 0.809329 -0.308847
v -0.809290 -0.309018 0.499557
v 0.499653 -0.809306 0.308822
v 0.308863 0.499532 0.809365
v -0.308863 -0.499532 -0.809365
v 0.809290 0.309018 -0.499557
v -0.499653 0.809306 -0.308822
v -0.809312 -0.308730 -0.499700
v 0.499824 -0.808828 -0.309795
v -0.308528 -0.500483 0.808905
v 0.308528 0.500483 -0.808905
v 0.809312 0.308730 0.499700
v -0.499824 0.808828 0.309795
v -0.809308 0.308679 0.499737
v -0.499796 -0.808847 -0.309793
v 0.308585 -0.500485 0.808883
v -0.308585 0.500485 -0.808883
v 0.809308 -0.308679 -0.499737
v 0.499796 0.808847 0.309793
vt 1.000000 0.499989
vt 0.499989 0.000000
vt 0.499986 0.499703
vt 0.500013 0.500296
vt 0.000000 0.500011
vt 0.500011 1.000000
vt 0.904665 0.654491
vt 0.749801 0.095335
vt 0.654421 0.749758
vt 0.345579 0.250241
vt 0.095335 0.345508
vt 0.250199 0.904665
vt 0.904645 0.345491
vt 0.250174 0.095347
vt 0.345569 0.749766
vt 0.654432 0.250234
vt 0.095355 0.654509
vt 0.749826 0.904653
vt 0.904656 0.345635
vt 0.250088 0.095586
vt 0.654264 0.249758
vt 0.345736 0.750242
vt 0.095344 0.654365
vt 0.749912 0.904414
vt 0.904654 0.654339
vt 0.749898 0.095577
vt 0.345708 0.249757
vt 0.654293 0.750242
vt 0.095346 0.345661
vt 0.250102 0.904423
vn -0.5773 -0.5777 0.5770
vn -0.5774 -0.5770 -0.5777
vn 0.5773 -0.5770 -0.5777
vn 0.5774 -0.5777 0.5770
vn -0.5773 0.5770 0.5777
vn -0.5774 0.5777 -0.5770
vn 0.5773 0.5777 -0.5770
vn 0.5774 0.5770 0.5777
vn -0.9340 -0.0005 0.3572
vn -0.5774 -0.5773 -0.5774
vn 0.3571 -0.9341 -0.0006
vn 0.0005 -0.3573 0.9340
vn -0.3571 0.9341 0.0006
vn -0.0005 0.3573 -0.9340
vn 0.9340 0.0005 -0.3572
vn 0.5774 0.5773 0.5774
vn -0.0004 -0.3573 0.9340
vn -0.3571 -0.9341 -0.0006
vn 0.5774 -0.5772 -0.5774
vn 0.9340 -0.0004 0.3572
vn -0.5774 0.5772 0.5774
vn -0.9340 0.0004 -0.3572
vn 0.0004 0.3573 -0.9340
vn 0.3571 0.9341 0.0006
vn -0.3568 -0.9342 -0.0003
vn -0.0006 -0.3563 -0.9344
vn 0.9340 0.0002 -0.3574
vn 0.5777 -0.5777 0.5767
vn -0.9340 -0.0002 0.3574
vn -0.5777 0.5777 -0.5767
vn 0.3568 0.9342 0.0003
vn 0.0006 0.3563 0.9344
vn -0.5777 -0.5777 0.5767
vn -0.9340 0.0002 -0.3573
vn 0.0005 -0.3562 -0.9344
vn 0.3569 -0.9342 -0.0004
vn -0.0005 0.3562 0.9344
vn -0.3569 0.9342 0.0004
vn 0.5777 0.5777 -0.5767
vn 0.9340 -0.0002 0.3573
usemtl None
s off
f 2/1/1 1/2/1 3/3/1
f 2/1/2 4/4/2 1/2/2
f 5/5/3 1/2/3 4/4/3
f 3/3/4 1/2/4 5/5/4
f 3/3/5 6/6/5 2/1/5
f 2/1/6 6/6/6 4/4/6
f 4/4/7 6/6/7 5/5/7
f 5/5/8 6/6/8 3/3/8
f 7/7/9 8/8/9 9/9/9
f 7/7/10 10/10/10 8/8/10
f 11/11/11 8/8/11 10/10/11
f 9/9/12 8/8/12 11/11/12
f 9/9/13 12/12/13 7/7/13
f 7/7/14 12/12/14 10/10/14
f 10/10/15 12/12/15 11/11/15
f 11/11/16 12/12/16 9/9/16
f 13/13/17 14/14/17 15/15/17
f 13/13/18 16/16/18 14/14/18
f 17/17/19 14/14/19 16/16/19
f 15/15/20 14/14/20 17/17/20
f 15/15/21 18/18/21 13/13/21
f 13/13/22 18/18/22 16/16/22
f 16/16/23 18/18/23 17/17/23
f 17/17/24 18/18/24 15/15/24
f 19/19/25 20/20/25 21/21/25
f 19/19/26 22/22/26 20/20/26
f 23/23/27 20/20/27 22/22/27
f 21/21/28 20/20/28 23/23/28
f 21/21/29 24/24/29 19/19/29
f 19/19/30 24/24/30 22/22/30
f 22/22/31 24/24/31 23/23/31
f 23/23/32 24/24/32 21/21/32
f 25/25/33 26/26/33 27/27/33
f 25/25/34 28/28/34 26/26/34
f 29/29/35 26/26/35 28/28/35
f 27/27/36 26/26/36 29/29/36
f 27/27/37 30/30/37 25/25/37
f 25/25/38 30/30/38 28/28/38
f 28/28/39 30/30/39 29/29/39
f 29/29/40 30/30/40 27/27/40
o Shape_IndexedLineSet_Shape_IndexedLineSet.053
v -1.000000 -0.000022 0.000027
v 0.000022 -1.000000 -0.000593
v 0.000022 -1.000000 -0.000593
v 0.000027 -0.000593 1.000000
v 0.000027 -0.000593 1.000000
v -1.000000 -0.000022 0.000027
v -1.000000 -0.000022 0.000027
v -0.000027 0.000593 -1.000000
v -0.000027 0.000593 -1.000000
v 0.000022 -1.000000 -0.000593
v 1.000000 0.000022 -0.000027
v 0.000022 -1.000000 -0.000593
v -0.000027 0.000593 -1.000000
v 1.000000 0.000022 -0.000027
v 1.000000 0.000022 -0.000027
v 0.000027 -0.000593 1.000000
v 0.000027 -0.000593 1.000000
v -0.000022 1.000000 0.000593
v -0.000022 1.000000 0.000593
v -1.000000 -0.000022 0.000027
v -0.000022 1.000000 0.000593
v -0.000027 0.000593 -1.000000
v -0.000022 1.000000 0.000593
v 1.000000 0.000022 -0.000027
v -0.809330 0.308983 -0.499514
v -0.499601 -0.809329 0.308847
v -0.499601 -0.809329 0.308847
v -0.308842 0.499517 0.809382
v -0.308842 0.499517 0.809382
v -0.809330 0.308983 -0.499514
v -0.809330 0.308983 -0.499514
v 0.308842 -0.499517 -0.809382
v 0.308842 -0.499517 -0.809382
v -0.499601 -0.809329 0.308847
v 0.809330 -0.308983 0.499514
v -0.499601 -0.809329 0.308847
v 0.308842 -0.499517 -0.809382
v 0.809330 -0.308983 0.499514
v 0.809330 -0.308983 0.499514
v -0.308842 0.499517 0.809382
v -0.308842 0.499517 0.809382
v 0.499601 0.809329 -0.308847
v 0.499601 0.809329 -0.308847
v -0.809330 0.308983 -0.499514
v 0.499601 0.809329 -0.308847
v 0.308842 -0.499517 -0.809382
v 0.499601 0.809329 -0.308847
v 0.809330 -0.308983 0.499514
v -0.809290 -0.309018 0.499557
v 0.499653 -0.809306 0.308822
v 0.499653 -0.809306 0.308822
v 0.308863 0.499532 0.809365
v 0.308863 0.499532 0.809365
v -0.809290 -0.309018 0.499557
v -0.809290 -0.309018 0.499557
v -0.308863 -0.499532 -0.809365
v -0.308863 -0.499532 -0.809365
v 0.499653 -0.809306 0.308822
v 0.809290 0.309018 -0.499557
v 0.499653 -0.809306 0.308822
v -0.308863 -0.499532 -0.809365
v 0.809290 0.309018 -0.499557
v 0.809290 0.309018 -0.499557
v 0.308863 0.499532 0.809365
v 0.308863 0.499532 0.809365
v -0.499653 0.809306 -0.308822
v -0.499653 0.809306 -0.308822
v -0.809290 -0.309018 0.499557
v -0.499653 0.809306 -0.308822
v -0.308863 -0.499532 -0.809365
v -0.499653 0.809306 -0.308822
v 0.809290 0.309018 -0.499557
v -0.809312 -0.308730 -0.499700
v 0.499824 -0.808828 -0.309795
v 0.499824 -0.808828 -0.309795
v -0.308528 -0.500483 0.808905
v -0.308528 -0.500483 0.808905
v -0.809312 -0.308730 -0.499700
v -0.809312 -0.308730 -0.499700
v 0.308528 0.500483 -0.808905
v 0.308528 0.500483 -0.808905
v 0.499824 -0.808828 -0.309795
v 0.809312 0.308730 0.499700
v 0.499824 -0.808828 -0.309795
v 0.308528 0.500483 -0.808905
v 0.809312 0.308730 0.499700
v 0.809312 0.308730 0.499700
v -0.308528 -0.500483 0.808905
v -0.308528 -0.500483 0.808905
v -0.499824 0.808828 0.309795
v -0.499824 0.808828 0.309795
v -0.809312 -0.308730 -0.499700
v -0.499824 0.808828 0.309795
v 0.308528 0.500483 -0.808905
v -0.499824 0.808828 0.309795
v 0.809312 0.308730 0.499700
v -0.809308 0.308679 0.499737
v -0.499796 -0.808847 -0.309793
v -0.499796 -0.808847 -0.309793
v 0.308585 -0.500485 0.808883
v 0.308585 -0.500485 0.808883
v -0.809308 0.308679 0.499737
v -0.809308 0.308679 0.499737
v -0.308585 0.500485 -0.808883
v -0.308585 0.500485 -0.808883
v -0.499796 -0.808847 -0.309793
v 0.809308 -0.308679 -0.499737
v -0.499796 -0.808847 -0.309793
v -0.308585 0.500485 -0.808883
v 0.809308 -0.308679 -0.499737
v 0.809308 -0.308679 -0.499737
v 0.308585 -0.500485 0.808883
v 0.308585 -0.500485 0.808883
v 0.499796 0.808847 0.309793
v 0.499796 0.808847 0.309793
v -0.809308 0.308679 0.499737
v 0.499796 0.808847 0.309793
v -0.308585 0.500485 -0.808883
v 0.499796 0.808847 0.309793
v 0.809308 -0.308679 -0.499737
l 31 32
l 33 34
l 35 36
l 37 38
l 39 40
l 41 42
l 43 44
l 45 46
l 47 48
l 49 50
l 51 52
l 53 54
l 55 56
l 57 58
l 59 60
l 61 62
l 63 64
l 65 66
l 67 68
l 69 70
l 71 72
l 73 74
l 75 76
l 77 78
l 79 80
l 81 82
l 83 84
l 85 86
l 87 88
l 89 90
l 91 92
l 93 94
l 95 96
l 97 98
l 99 100
l 101 102
l 103 104
l 105 106
l 107 108
l 109 110
l 111 112
l 113 114
l 115 116
l 117 118
l 119 120
l 121 122
l 123 124
l 125 126
l 127 128
l 129 130
l 131 132
l 133 134
l 135 136
l 137 138
l 139 140
l 141 142
l 143 144
l 145 146
l 147 148
l 149 150
