# Blender v2.93.4 OBJ File: ''
# www.blender.org
mtllib compound_of_5_cubes.mtl
o Shape_IndexedFaceSet_Shape_IndexedFaceSet.047
v 0.578318 0.577033 -0.577629
v -0.000007 0.355988 -0.934964
v -0.357433 0.934549 0.000640
v 0.357417 0.934604 0.000607
v -0.000007 0.356223 0.934225
v 0.001221 -0.356874 -0.934205
v -0.577138 -0.577774 -0.576836
v -0.934675 0.000551 -0.356115
v -0.577284 0.578876 -0.577071
v -0.576491 0.577738 0.577883
v -0.934061 -0.000498 0.356982
v -0.355500 -0.934005 -0.000443
v -0.577138 -0.577774 0.575951
v 0.577269 -0.577774 -0.577072
v 0.933900 -0.000588 -0.357867
v 0.576567 0.577795 0.577883
v 0.934047 -0.000497 0.356982
v 0.576386 -0.576581 0.577883
v 0.355665 -0.934117 -0.000442
v -0.001057 -0.356874 0.933609
vt 0.499478 0.308569
vt 1.000000 0.499836
vt 0.690321 1.000000
vt 0.190640 0.808327
vt 0.308820 0.000000
vt 0.808531 0.190921
vt 0.000330 0.500398
vt 0.500039 0.690069
vt 0.499460 0.691103
vt 0.000000 0.499836
vt 0.808829 0.190360
vt 0.191674 0.808673
vt 0.999594 0.499179
vt 0.500039 0.309507
vt 0.808530 0.808751
vt 0.308820 0.999671
vt 0.691258 0.000079
vt 0.190640 0.191393
vt 0.808405 0.808673
vt 0.190640 0.191297
vn -0.4997 0.8092 -0.3090
vn 0.8092 0.3086 -0.4999
vn 0.3094 0.4989 0.8095
vn 0.4998 -0.8089 0.3096
vn -0.3096 -0.5004 -0.8085
vn -0.8090 -0.3095 0.4998
vn 0.5002 0.8088 0.3094
vn -0.8088 0.3081 0.5009
vn -0.3089 0.4999 -0.8091
vn 0.3085 -0.5008 0.8087
vn 0.8092 -0.3099 -0.4991
vn -0.5003 -0.8085 -0.3099
vn -0.4999 0.8086 0.3101
vn 0.3091 0.5002 -0.8088
vn -0.8087 -0.3093 -0.5004
vn -0.3092 -0.5006 0.8086
vn 0.8094 0.3082 0.4999
vn 0.5004 -0.8092 -0.3079
vn -1.0000 0.0002 0.0003
vn -0.0003 -0.0003 -1.0000
vn 1.0000 -0.0005 0.0011
vn -0.0008 -0.0008 1.0000
vn 0.0008 1.0000 0.0002
vn 0.0005 -1.0000 0.0005
vn -0.3095 0.4993 0.8093
vn 0.8088 -0.3095 0.5001
vn 0.5000 0.8090 -0.3092
vn 0.3085 -0.5008 -0.8087
vn -0.8093 0.3085 -0.5000
vn -0.5000 -0.8090 0.3090
usemtl None
s off
f 4/1/1 2/2/1 8/3/1 10/4/1
f 2/2/2 4/1/2 17/5/2 14/6/2
f 10/4/3 20/7/3 17/5/3 4/1/3
f 17/5/4 20/7/4 12/8/4 14/6/4
f 2/2/5 14/6/5 12/8/5 8/3/5
f 10/4/6 8/3/6 12/8/6 20/7/6
f 3/9/7 5/10/7 17/5/7 1/11/7
f 3/9/8 8/3/8 13/12/8 5/10/8
f 3/9/9 1/11/9 6/13/9 8/3/9
f 5/10/10 13/12/10 19/14/10 17/5/10
f 1/11/11 17/5/11 19/14/11 6/13/11
f 8/3/12 6/13/12 19/14/12 13/12/12
f 4/1/13 9/15/13 11/16/13 5/10/13
f 4/1/14 15/17/14 6/13/14 9/15/14
f 9/15/15 6/13/15 12/8/15 11/16/15
f 11/16/16 12/8/16 18/18/16 5/10/16
f 5/10/17 18/18/17 15/17/17 4/1/17
f 15/17/18 18/18/18 12/8/18 6/13/18
f 9/15/19 7/19/19 13/12/19 10/4/19
f 1/11/20 14/6/20 7/19/20 9/15/20
f 16/20/21 18/18/21 14/6/21 1/11/21
f 10/4/22 13/12/22 18/18/22 16/20/22
f 16/20/23 1/11/23 9/15/23 10/4/23
f 14/6/24 18/18/24 13/12/24 7/19/24
f 3/9/25 11/16/25 20/7/25 16/20/25
f 16/20/26 20/7/26 19/14/26 15/17/26
f 16/20/27 15/17/27 2/2/27 3/9/27
f 15/17/28 19/14/28 7/19/28 2/2/28
f 2/2/29 7/19/29 11/16/29 3/9/29
f 11/16/30 7/19/30 19/14/30 20/7/30
o Shape_IndexedLineSet_Shape_IndexedLineSet.026
v 0.357417 0.934604 0.000607
v -0.000007 0.355988 -0.934964
v -0.000007 0.355988 -0.934964
v -0.934675 0.000551 -0.356115
v -0.934675 0.000551 -0.356115
v -0.576491 0.577738 0.577883
v -0.576491 0.577738 0.577883
v 0.357417 0.934604 0.000607
v 0.357417 0.934604 0.000607
v 0.934047 -0.000497 0.356982
v 0.934047 -0.000497 0.356982
v 0.577269 -0.577774 -0.577072
v 0.577269 -0.577774 -0.577072
v -0.000007 0.355988 -0.934964
v -0.576491 0.577738 0.577883
v -0.001057 -0.356874 0.933609
v -0.001057 -0.356874 0.933609
v 0.934047 -0.000497 0.356982
v -0.001057 -0.356874 0.933609
v -0.355500 -0.934005 -0.000443
v -0.355500 -0.934005 -0.000443
v 0.577269 -0.577774 -0.577072
v -0.355500 -0.934005 -0.000443
v -0.934675 0.000551 -0.356115
v -0.357433 0.934549 0.000640
v -0.000007 0.356223 0.934225
v -0.000007 0.356223 0.934225
v 0.934047 -0.000497 0.356982
v 0.934047 -0.000497 0.356982
v 0.578318 0.577033 -0.577629
v 0.578318 0.577033 -0.577629
v -0.357433 0.934549 0.000640
v -0.357433 0.934549 0.000640
v -0.934675 0.000551 -0.356115
v -0.934675 0.000551 -0.356115
v -0.577138 -0.577774 0.575951
v -0.577138 -0.577774 0.575951
v -0.000007 0.356223 0.934225
v 0.578318 0.577033 -0.577629
v 0.001221 -0.356874 -0.934205
v 0.001221 -0.356874 -0.934205
v -0.934675 0.000551 -0.356115
v -0.577138 -0.577774 0.575951
v 0.355665 -0.934117 -0.000442
v 0.355665 -0.934117 -0.000442
v 0.934047 -0.000497 0.356982
v 0.355665 -0.934117 -0.000442
v 0.001221 -0.356874 -0.934205
v 0.357417 0.934604 0.000607
v -0.577284 0.578876 -0.577071
v -0.577284 0.578876 -0.577071
v -0.934061 -0.000498 0.356982
v -0.934061 -0.000498 0.356982
v -0.000007 0.356223 0.934225
v -0.000007 0.356223 0.934225
v 0.357417 0.934604 0.000607
v 0.357417 0.934604 0.000607
v 0.933900 -0.000588 -0.357867
v 0.933900 -0.000588 -0.357867
v 0.001221 -0.356874 -0.934205
v 0.001221 -0.356874 -0.934205
v -0.577284 0.578876 -0.577071
v 0.001221 -0.356874 -0.934205
v -0.355500 -0.934005 -0.000443
v -0.355500 -0.934005 -0.000443
v -0.934061 -0.000498 0.356982
v -0.355500 -0.934005 -0.000443
v 0.576386 -0.576581 0.577883
v 0.576386 -0.576581 0.577883
v -0.000007 0.356223 0.934225
v 0.576386 -0.576581 0.577883
v 0.933900 -0.000588 -0.357867
v -0.577284 0.578876 -0.577071
v -0.577138 -0.577774 -0.576836
v -0.577138 -0.577774 -0.576836
v -0.577138 -0.577774 0.575951
v -0.577138 -0.577774 0.575951
v -0.576491 0.577738 0.577883
v -0.576491 0.577738 0.577883
v -0.577284 0.578876 -0.577071
v 0.578318 0.577033 -0.577629
v 0.577269 -0.577774 -0.577072
v 0.577269 -0.577774 -0.577072
v -0.577138 -0.577774 -0.576836
v -0.577284 0.578876 -0.577071
v 0.578318 0.577033 -0.577629
v 0.576567 0.577795 0.577883
v 0.576386 -0.576581 0.577883
v 0.576386 -0.576581 0.577883
v 0.577269 -0.577774 -0.577072
v 0.578318 0.577033 -0.577629
v 0.576567 0.577795 0.577883
v -0.577138 -0.577774 0.575951
v 0.576386 -0.576581 0.577883
v 0.576567 0.577795 0.577883
v -0.576491 0.577738 0.577883
v -0.357433 0.934549 0.000640
v -0.934061 -0.000498 0.356982
v -0.934061 -0.000498 0.356982
v -0.001057 -0.356874 0.933609
v -0.001057 -0.356874 0.933609
v 0.576567 0.577795 0.577883
v 0.576567 0.577795 0.577883
v -0.357433 0.934549 0.000640
v -0.001057 -0.356874 0.933609
v 0.355665 -0.934117 -0.000442
v 0.355665 -0.934117 -0.000442
v 0.933900 -0.000588 -0.357867
v 0.933900 -0.000588 -0.357867
v 0.576567 0.577795 0.577883
v 0.933900 -0.000588 -0.357867
v -0.000007 0.355988 -0.934964
v -0.000007 0.355988 -0.934964
v -0.357433 0.934549 0.000640
v 0.355665 -0.934117 -0.000442
v -0.577138 -0.577774 -0.576836
v -0.577138 -0.577774 -0.576836
v -0.000007 0.355988 -0.934964
v -0.577138 -0.577774 -0.576836
v -0.934061 -0.000498 0.356982
l 21 22
l 23 24
l 25 26
l 27 28
l 29 30
l 31 32
l 33 34
l 35 36
l 37 38
l 39 40
l 41 42
l 43 44
l 45 46
l 47 48
l 49 50
l 51 52
l 53 54
l 55 56
l 57 58
l 59 60
l 61 62
l 63 64
l 65 66
l 67 68
l 69 70
l 71 72
l 73 74
l 75 76
l 77 78
l 79 80
l 81 82
l 83 84
l 85 86
l 87 88
l 89 90
l 91 92
l 93 94
l 95 96
l 97 98
l 99 100
l 101 102
l 103 104
l 105 106
l 107 108
l 109 110
l 111 112
l 113 114
l 115 116
l 117 118
l 119 120
l 121 122
l 123 124
l 125 126
l 127 128
l 129 130
l 131 132
l 133 134
l 135 136
l 137 138
l 139 140
